0.273753 -0.961678 0.015305 0.008801 -0.060935 -0.033223 -0.997589 -0.003276 0.959868 0.272160 -0.067695 0.098982
0.276242 -0.960996 0.013345 -0.009835 -0.059586 -0.030983 -0.997742 -0.002623 0.959239 0.274823 -0.065821 0.173966
0.278931 -0.960226 0.012759 -0.039083 -0.053905 -0.028921 -0.998127 -0.001874 0.958797 0.277721 -0.059828 0.299840
0.287064 -0.957822 0.013080 -0.082590 -0.050738 -0.028839 -0.998296 -0.000839 0.956567 0.285911 -0.056876 0.500710
0.307837 -0.951375 0.011086 -0.126665 -0.046446 -0.026665 -0.998565 0.002044 0.950305 0.306880 -0.052396 0.725640
0.344417 -0.938658 0.017266 -0.163624 -0.042904 -0.034109 -0.998497 0.006558 0.937836 0.343159 -0.052020 1.021986
0.387621 -0.921652 0.017508 -0.180260 -0.047035 -0.038742 -0.998142 0.013114 0.920618 0.386078 -0.058367 1.307918
0.445154 -0.895324 0.015252 -0.174036 -0.044942 -0.039350 -0.998214 0.020748 0.894326 0.443673 -0.057755 1.642775
0.513272 -0.858061 0.016797 -0.127228 -0.039338 -0.043073 -0.998297 0.021760 0.857324 0.511738 -0.055863 1.933068
0.567103 -0.823262 0.025166 -0.045215 -0.028243 -0.049973 -0.998351 0.015765 0.823163 0.565457 -0.051591 2.227246
0.614457 -0.788210 0.034165 0.065289 -0.019362 -0.058356 -0.998108 0.009441 0.788713 0.612633 -0.051119 2.474582
0.658837 -0.751310 0.038300 0.179882 -0.013813 -0.062984 -0.997919 0.010953 0.752159 0.656937 -0.051874 2.674398
0.712405 -0.700643 0.039730 0.326823 -0.006122 -0.062817 -0.998006 0.017955 0.701742 0.710741 -0.049041 2.886205
0.755663 -0.653568 0.042688 0.494483 0.001200 -0.063795 -0.997962 0.028975 0.654959 0.754175 -0.047423 3.072221
0.789321 -0.612190 0.046853 0.644939 0.006966 -0.067375 -0.997703 0.036281 0.613941 0.787835 -0.048916 3.194783
0.826643 -0.560202 0.053255 0.824993 0.016985 -0.069755 -0.997420 0.047188 0.562471 0.825414 -0.048148 3.333588
0.858649 -0.509627 0.054784 0.996226 0.019476 -0.074367 -0.997041 0.057322 0.512193 0.857175 -0.053930 3.428143
0.890050 -0.452621 0.054272 1.194584 0.023184 -0.073957 -0.996992 0.075975 0.455273 0.888631 -0.055332 3.511705
0.908562 -0.414061 0.055399 1.414163 0.028240 -0.071433 -0.997046 0.101816 0.416795 0.907442 -0.053209 3.608377
0.924956 -0.375607 0.058097 1.637659 0.035272 -0.067370 -0.997104 0.124659 0.378433 0.924327 -0.049066 3.700009
0.940195 -0.335885 0.056706 1.911659 0.036941 -0.064951 -0.997204 0.144234 0.338629 0.939661 -0.048659 3.808783
0.953545 -0.295256 0.059796 2.250968 0.041345 -0.068350 -0.996804 0.167359 0.298400 0.952970 -0.052967 3.933848
0.962226 -0.265256 0.061320 2.571359 0.045417 -0.065683 -0.996806 0.184595 0.268437 0.961938 -0.051155 4.059020
0.969854 -0.236265 0.059690 2.897236 0.045976 -0.063141 -0.996945 0.206252 0.239312 0.969635 -0.050375 4.187004
0.974634 -0.216157 0.058004 3.321084 0.045629 -0.061811 -0.997044 0.236870 0.219103 0.974400 -0.050380 4.349296
0.981834 -0.181825 0.054232 3.875840 0.043234 -0.063917 -0.997018 0.279823 0.184749 0.981251 -0.054895 4.534726
0.987418 -0.149520 0.051479 4.388741 0.042075 -0.065391 -0.996972 0.313753 0.152433 0.986594 -0.058277 4.704304
0.992203 -0.114585 0.049036 5.025339 0.041562 -0.066724 -0.996906 0.357959 0.117502 0.991170 -0.061441 4.883918
0.992845 -0.109301 0.048079 5.463004 0.040845 -0.067483 -0.996884 0.387289 0.112205 0.991715 -0.062536 5.071738
0.997187 -0.057125 0.048515 6.255523 0.044850 -0.063794 -0.996955 0.445249 0.060046 0.996327 -0.061053 5.275013
0.997938 -0.038957 0.051020 6.771808 0.048047 -0.073767 -0.996118 0.478796 0.042569 0.996514 -0.071743 5.428405
0.998021 -0.040183 0.048357 7.152246 0.045678 -0.065104 -0.996833 0.498733 0.043204 0.997069 -0.063140 5.568474
0.997932 -0.023708 0.059745 7.724477 0.058032 -0.067329 -0.996042 0.537574 0.027637 0.997449 -0.065814 5.720156
0.998709 -0.003627 0.050669 8.303040 0.050339 -0.063213 -0.996730 0.575643 0.006818 0.997994 -0.062949 5.849500
0.998663 0.010693 0.050568 8.989711 0.051138 -0.062420 -0.996739 0.626713 -0.007502 0.997993 -0.062884 5.994262
0.997902 0.023347 0.060383 9.487838 0.061896 -0.070721 -0.995574 0.660647 -0.018974 0.997223 -0.072018 6.102517
0.997970 0.033900 0.053915 10.108232 0.056090 -0.066889 -0.996182 0.704619 -0.030164 0.997184 -0.068655 6.223809
0.996919 0.053034 0.057793 10.712066 0.060754 -0.056035 -0.996579 0.743516 -0.049614 0.997019 -0.059084 6.327279
0.994906 0.064794 0.077230 11.240258 0.080964 -0.057121 -0.995079 0.779371 -0.060064 0.996262 -0.062076 6.419811
0.994506 0.081414 0.065804 11.944205 0.070497 -0.056176 -0.995929 0.832258 -0.077386 0.995096 -0.061607 6.525465
0.994569 0.077344 0.069645 12.355684 0.074466 -0.061308 -0.995337 0.854491 -0.072714 0.995118 -0.066734 6.627556
0.992912 0.097325 0.068223 12.973400 0.074188 -0.059045 -0.995495 0.894445 -0.092858 0.993500 -0.065847 6.725358
0.992414 0.095098 0.077915 13.516087 0.083368 -0.054768 -0.995013 0.926693 -0.090356 0.993960 -0.062280 6.827005
0.992700 0.098318 0.069865 14.183234 0.075785 -0.057814 -0.995447 0.968239 -0.093831 0.993474 -0.064843 6.937160
0.990848 0.114683 0.071196 15.089166 0.076802 -0.045218 -0.996021 1.026996 -0.111007 0.992373 -0.053612 7.062967
0.989609 0.127281 0.066884 15.795235 0.073329 -0.046631 -0.996217 1.059803 -0.123680 0.990770 -0.055480 7.168293
0.986908 0.145634 0.069304 16.626200 0.075419 -0.036886 -0.996470 1.098035 -0.142564 0.988651 -0.047387 7.258071
0.977832 0.196327 0.072805 17.453848 0.081137 -0.034725 -0.996098 1.130281 -0.193033 0.979923 -0.049884 7.299707
0.967743 0.241421 0.072043 18.277214 0.082591 -0.033846 -0.996009 1.162913 -0.238019 0.969830 -0.052694 7.306052
0.952465 0.297566 0.065300 19.152550 0.078534 -0.032723 -0.996374 1.202528 -0.294350 0.954140 -0.054537 7.267388
0.915613 0.397242 0.062053 20.248526 0.075848 -0.019094 -0.996937 1.264247 -0.394841 0.917515 -0.047613 7.138424
0.933671 0.352804 0.061544 20.747541 0.076778 -0.029336 -0.996617 1.277027 -0.349805 0.935237 -0.054478 7.092421
0.920077 0.387954 0.054315 21.640823 0.071010 -0.028815 -0.997060 1.314722 -0.385248 0.921228 -0.054060 6.945349
0.905375 0.422106 0.046068 22.527431 0.067998 -0.037039 -0.996998 1.352890 -0.419132 0.905790 -0.062236 6.762968
0.902347 0.429424 0.036947 23.295568 0.061670 -0.043795 -0.997135 1.382267 -0.426576 0.902041 -0.066001 6.583522
0.879622 0.474618 0.031653 24.194141 0.059841 -0.044398 -0.997220 1.420528 -0.471894 0.879071 -0.067455 6.336174
0.867297 0.497241 0.023404 24.931097 0.055950 -0.050656 -0.997148 1.451599 -0.494637 0.866133 -0.071754 6.113838
0.847330 0.530918 0.012600 25.721195 0.049842 -0.055880 -0.997193 1.487146 -0.528723 0.845579 -0.073811 5.849383
0.819964 0.572370 -0.007279 26.540422 0.033167 -0.060202 -0.997635 1.530280 -0.571454 0.817783 -0.068348 5.551301
0.813174 0.581710 -0.019026 27.214560 0.019121 -0.059371 -0.998053 1.574189 -0.581706 0.811227 -0.059402 5.305188
0.754161 0.655674 -0.036512 28.134850 0.005579 -0.061996 -0.998061 1.636348 -0.656666 0.752495 -0.050414 4.906713
0.769179 0.637569 -0.043238 28.664829 -0.005181 -0.061436 -0.998097 1.677594 -0.639012 0.767940 -0.043952 4.677841
0.737903 0.673588 -0.042165 29.419930 0.002046 -0.064708 -0.997902 1.730311 -0.674903 0.736269 -0.049126 4.321293
0.763352 0.644485 -0.043962 29.993769 -0.001701 -0.066049 -0.997815 1.791055 -0.645981 0.761759 -0.049322 4.066335
0.745555 0.665590 -0.033728 30.809244 0.014411 -0.066698 -0.997669 1.862246 -0.666288 0.743332 -0.059319 3.647529
0.737889 0.673993 -0.035415 31.565933 0.018252 -0.072381 -0.997210 1.957293 -0.674676 0.735184 -0.065711 3.245351
0.739607 0.671529 -0.045057 32.285873 0.010806 -0.078785 -0.996833 2.062916 -0.672953 0.736777 -0.065526 2.858300
0.744943 0.665949 -0.039655 32.980583 0.014697 -0.075810 -0.997014 2.172593 -0.666966 0.742136 -0.066261 2.480095
0.731044 0.681043 -0.041897 33.792870 0.008985 -0.071006 -0.997435 2.301605 -0.682271 0.728793 -0.058027 2.010026
0.725992 0.686153 -0.046156 34.496052 0.004366 -0.071713 -0.997416 2.421664 -0.687690 0.723914 -0.055059 1.606272
0.697283 0.715785 -0.038047 35.351456 0.012589 -0.065300 -0.997786 2.563970 -0.716685 0.695260 -0.054544 1.084321
0.674401 0.736667 -0.050052 36.172989 0.009679 -0.076601 -0.997015 2.716959 -0.738302 0.671903 -0.058789 0.571412
0.682204 0.729874 -0.043385 36.834549 0.009988 -0.068634 -0.997592 2.846953 -0.731094 0.680128 -0.054112 0.170499
0.675351 0.735647 -0.052197 37.614700 0.000286 -0.071037 -0.997474 3.000093 -0.737496 0.673630 -0.048185 -0.327980
0.677965 0.733467 -0.048886 38.336311 0.004342 -0.070497 -0.997503 3.144197 -0.735081 0.676059 -0.050979 -0.789018
0.673561 0.737200 -0.053406 39.114887 0.000481 -0.072693 -0.997355 3.280999 -0.739132 0.671753 -0.049317 -1.270208
0.678577 0.733112 -0.045607 39.827839 0.006083 -0.067697 -0.997687 3.408845 -0.734504 0.676730 -0.050397 -1.694912
0.669070 0.741884 -0.044196 40.700455 0.008460 -0.067067 -0.997713 3.557539 -0.743151 0.667166 -0.051149 -2.226680
0.678173 0.733567 -0.044272 41.428982 0.005723 -0.065512 -0.997835 3.684361 -0.734880 0.676452 -0.048627 -2.647557
0.698897 0.713490 -0.049758 42.052189 -0.002569 -0.067066 -0.997745 3.790679 -0.715218 0.697448 -0.045040 -2.977443
0.716389 0.696212 -0.045561 42.642502 -0.001686 -0.063574 -0.997976 3.891927 -0.697699 0.715015 -0.044369 -3.285023
0.720739 0.692300 -0.035436 43.384190 0.002405 -0.053615 -0.998559 4.011450 -0.693202 0.719615 -0.040308 -3.696667
0.732812 0.679776 -0.029841 44.156616 0.010005 -0.054615 -0.998457 4.132825 -0.680358 0.731383 -0.046824 -4.107572
0.739593 0.672484 -0.027726 45.025909 0.007437 -0.049357 -0.998754 4.264705 -0.673014 0.738465 -0.041506 -4.564137
0.745565 0.665699 -0.031249 45.718430 0.004667 -0.052104 -0.998631 4.370004 -0.666416 0.744399 -0.041954 -4.897605
0.730606 0.681685 -0.038996 46.825470 -0.002122 -0.054845 -0.998492 4.537693 -0.682796 0.729587 -0.038624 -5.511356
0.736035 0.676210 -0.031522 47.593842 0.012021 -0.059613 -0.998149 4.649706 -0.676837 0.734293 -0.052006 -5.896888
0.727868 0.685219 -0.026128 48.513092 0.013857 -0.052794 -0.998509 4.784599 -0.685577 0.726421 -0.047922 -6.386489
0.727951 0.684846 -0.032765 49.302101 0.005149 -0.053247 -0.998568 4.898913 -0.685610 0.726740 -0.042287 -6.798572
0.719411 0.694051 -0.027235 50.316746 0.013147 -0.052810 -0.998518 5.047444 -0.694461 0.717986 -0.047117 -7.364967
0.728877 0.684050 -0.028515 51.072037 0.010274 -0.052573 -0.998564 5.159281 -0.684567 0.727538 -0.045347 -7.770208
0.721434 0.691985 -0.026266 52.212059 0.014193 -0.052698 -0.998510 5.322614 -0.692338 0.719986 -0.047839 -8.425061
0.724967 0.688279 -0.026354 53.135830 0.015902 -0.054977 -0.998361 5.453784 -0.688600 0.723360 -0.050802 -8.954044
0.720350 0.693081 -0.027112 54.291180 0.015830 -0.055505 -0.998333 5.619843 -0.693430 0.718720 -0.050955 -9.629390
0.727507 0.685639 -0.025144 54.987999 0.014612 -0.052123 -0.998534 5.717131 -0.685944 0.726073 -0.047938 -10.022136
0.721914 0.691437 -0.027497 55.997704 0.013996 -0.054318 -0.998426 5.863745 -0.691841 0.720392 -0.048891 -10.609826
0.719474 0.694062 -0.025179 56.916718 0.015446 -0.052235 -0.998515 5.996976 -0.694347 0.718017 -0.048302 -11.140525
0.711643 0.701972 -0.028283 57.897274 0.011213 -0.051602 -0.998605 6.142833 -0.702452 0.710333 -0.044593 -11.713917
0.706767 0.706903 -0.027727 58.781391 0.011298 -0.050466 -0.998662 6.273452 -0.707356 0.705508 -0.043654 -12.234285
0.701246 0.712414 -0.026828 59.649818 0.011999 -0.049421 -0.998706 6.398974 -0.712818 0.700017 -0.043204 -12.736089
0.688238 0.724950 -0.027881 60.559818 0.013544 -0.051262 -0.998593 6.529237 -0.725359 0.686892 -0.045099 -13.283377
0.680041 0.732841 -0.022092 61.365147 0.019457 -0.048160 -0.998650 6.642095 -0.732916 0.678694 -0.047010 -13.773530
0.671262 0.740918 -0.021147 62.154778 0.023321 -0.049627 -0.998496 6.756204 -0.740853 0.669759 -0.050592 -14.257154
0.651502 0.758196 -0.026157 63.137005 0.023153 -0.054334 -0.998255 6.903000 -0.758294 0.649759 -0.052954 -14.880154
0.661947 0.749047 -0.027479 63.829338 0.010869 -0.046249 -0.998871 6.999493 -0.749472 0.660901 -0.038756 -15.324561
0.649628 0.759748 -0.027690 64.735069 0.016929 -0.050868 -0.998562 7.125372 -0.760064 0.648225 -0.045907 -15.915224
0.669205 0.742507 -0.029118 65.370857 0.011852 -0.049846 -0.998686 7.207923 -0.742984 0.667980 -0.042158 -16.327271
0.643510 0.765100 -0.022729 66.344025 0.024827 -0.050543 -0.998413 7.343181 -0.765035 0.641925 -0.051520 -16.976492
0.649550 0.760027 -0.021055 67.104790 0.030694 -0.053883 -0.998076 7.440529 -0.759699 0.647654 -0.058328 -17.475100
0.656593 0.754073 -0.016133 67.875847 0.033608 -0.050619 -0.998152 7.540666 -0.753496 0.654838 -0.058579 -17.981266
0.672744 0.739712 -0.015561 68.595757 0.033099 -0.051100 -0.998145 7.643552 -0.739134 0.670981 -0.058861 -18.459309
0.666784 0.744905 -0.022721 69.453537 0.023190 -0.051212 -0.998419 7.770120 -0.744890 0.665203 -0.051422 -19.040890
0.667162 0.744347 -0.029016 70.239182 0.018306 -0.055324 -0.998301 7.873346 -0.744688 0.665497 -0.050536 -19.574018
0.667067 0.744355 -0.030932 71.027405 0.017461 -0.057129 -0.998214 7.972790 -0.744793 0.665336 -0.051107 -20.113203
0.662207 0.748553 -0.033917 71.881989 0.020994 -0.063780 -0.997743 8.078899 -0.749027 0.660000 -0.057951 -20.702953
0.659216 0.751499 -0.026135 72.730988 0.032048 -0.062803 -0.997511 8.186675 -0.751270 0.656738 -0.065484 -21.286669
0.669572 0.742293 -0.025973 73.519836 0.031935 -0.063707 -0.997458 8.290300 -0.742061 0.667040 -0.066361 -21.832729
0.665101 0.746682 -0.010352 74.387054 0.043979 -0.053005 -0.997625 8.404594 -0.745457 0.663067 -0.068092 -22.425753
0.671460 0.740982 -0.009320 75.189529 0.040409 -0.049171 -0.997973 8.519588 -0.739938 0.669722 -0.062959 -22.970179
0.664140 0.747608 0.000673 76.055511 0.046110 -0.040063 -0.998133 8.643643 -0.746184 0.662931 -0.061080 -23.558475
0.673021 0.739545 -0.010753 76.784058 0.034167 -0.045609 -0.998375 8.734511 -0.738834 0.671560 -0.055964 -24.055914
0.671990 0.740478 -0.011024 77.581238 0.033552 -0.045312 -0.998409 8.834834 -0.739800 0.670551 -0.055294 -24.603029
0.675477 0.737307 -0.010475 78.381256 0.038426 -0.049383 -0.998040 8.934843 -0.736379 0.673750 -0.061689 -25.145462
0.675918 0.736761 -0.017827 79.242264 0.033992 -0.055331 -0.997889 9.036166 -0.736192 0.673886 -0.062443 -25.724192
0.689067 0.724173 -0.027588 79.985931 0.036662 -0.072854 -0.996669 9.117688 -0.723770 0.685760 -0.076751 -26.198248
0.694901 0.718991 -0.012869 80.963860 0.033948 -0.050677 -0.998138 9.243971 -0.718304 0.693170 -0.059624 -26.815142
0.706216 0.707965 -0.006685 81.824699 0.051525 -0.060810 -0.996819 9.352382 -0.706119 0.703625 -0.079423 -27.325024
0.713385 0.700688 -0.010894 82.642197 0.033404 -0.049529 -0.998214 9.448811 -0.699976 0.711746 -0.058739 -27.802172
0.730055 0.683371 -0.004801 83.902176 0.050629 -0.061091 -0.996847 9.604921 -0.681510 0.727511 -0.079198 -28.539999
0.730413 0.682564 -0.024546 84.537811 0.031635 -0.069708 -0.997066 9.680401 -0.682272 0.727493 -0.072509 -28.866199
0.761355 0.648248 -0.010617 85.540878 0.040706 -0.064139 -0.997111 9.803793 -0.647056 0.758723 -0.075220 -29.411999
0.772608 0.634586 -0.019436 86.303680 0.026971 -0.063393 -0.997624 9.894028 -0.634310 0.770248 -0.066094 -29.788677
0.814927 0.578805 -0.029642 87.269020 0.013882 -0.070624 -0.997406 10.014915 -0.579397 0.812402 -0.065588 -30.264397
0.818692 0.573479 -0.029410 87.991898 0.014990 -0.072543 -0.997253 10.101286 -0.574037 0.816002 -0.067987 -30.581120
0.812120 0.583100 -0.021350 88.743538 0.024796 -0.071047 -0.997165 10.186345 -0.582963 0.809288 -0.072158 -30.901312
0.826005 0.563187 -0.023166 89.565788 0.016618 -0.065413 -0.997720 10.279513 -0.563418 0.823737 -0.063390 -31.249575
0.836635 0.547398 -0.019928 90.457954 0.013791 -0.057419 -0.998255 10.390645 -0.547587 0.834900 -0.055588 -31.617287
0.812019 0.582959 -0.027985 91.227539 0.007783 -0.058762 -0.998242 10.491193 -0.583579 0.810374 -0.052253 -31.916885
0.826521 0.561738 -0.036249 92.220795 -0.001651 -0.061977 -0.998076 10.620439 -0.562904 0.824991 -0.050298 -32.315590
0.827375 0.560595 -0.034399 93.135117 -0.005659 -0.052923 -0.998583 10.731817 -0.561621 0.826397 -0.040615 -32.661442
0.825416 0.564052 -0.023105 94.049149 -0.003230 -0.036209 -0.999339 10.839269 -0.564516 0.824945 -0.028065 -33.002193
0.813258 0.580450 -0.041088 94.900681 0.001500 -0.072700 -0.997353 10.943352 -0.581901 0.811044 -0.059994 -33.319431
0.816275 0.575638 -0.048327 95.836319 -0.015012 -0.062493 -0.997932 11.055827 -0.577468 0.815313 -0.042370 -33.665558
0.816446 0.577290 0.012346 96.697456 0.043489 -0.040157 -0.998247 11.160303 -0.575782 0.815551 -0.057892 -33.968311
0.813118 0.581787 0.019047 97.492599 0.034478 -0.015473 -0.999286 11.257630 -0.581077 0.813194 -0.032640 -34.240852
0.843743 0.536204 0.024139 98.644165 0.028974 -0.000594 -0.999580 11.401134 -0.535965 0.844088 -0.016037 -34.637943
0.832740 0.553492 0.013825 99.416252 0.019188 -0.003896 -0.999808 11.491334 -0.553332 0.832845 -0.013865 -34.878403
0.838636 0.544640 0.007549 100.348351 0.035496 -0.040815 -0.998536 11.591384 -0.543534 0.837676 -0.053562 -35.175098
0.837918 0.544924 -0.030836 101.211670 -0.023593 -0.020282 -0.999516 11.679785 -0.545286 0.838240 -0.004138 -35.440651
0.843861 0.536529 0.005905 102.152657 0.016248 -0.014553 -0.999762 11.767248 -0.536315 0.843757 -0.020998 -35.732121
0.849876 0.526965 0.004326 103.085068 0.031363 -0.042384 -0.998609 11.847614 -0.526049 0.848829 -0.052549 -36.018745
0.839701 0.541836 -0.036279 103.804741 -0.015442 -0.042956 -0.998958 11.910871 -0.542830 0.839386 -0.027703 -36.230988
0.845342 0.534125 -0.010361 104.767708 0.002031 -0.022606 -0.999742 12.000540 -0.534222 0.845103 -0.020195 -36.529713
0.855009 0.518576 -0.006232 105.713753 0.011022 -0.030184 -0.999484 12.083020 -0.518496 0.854499 -0.031524 -36.816319
0.842817 0.538114 -0.009590 106.368744 -0.000466 -0.017089 -0.999854 12.133644 -0.538200 0.842698 -0.014153 -37.006630
0.858339 0.513010 -0.008640 107.332497 0.009708 -0.033074 -0.999406 12.210581 -0.512991 0.857745 -0.033368 -37.293705
0.867112 0.497434 -0.026002 108.194405 -0.005245 -0.043079 -0.999058 12.275152 -0.498086 0.866432 -0.034745 -37.546787
0.879323 0.476002 -0.014577 109.107803 0.001575 -0.033517 -0.999437 12.348945 -0.476223 0.878805 -0.030222 -37.815624
0.907696 0.419574 -0.006754 110.197754 0.017337 -0.053579 -0.998413 12.440489 -0.419270 0.906138 -0.055907 -38.123047
0.889387 0.457136 -0.004099 110.752113 0.009716 -0.027866 -0.999565 12.487726 -0.457052 0.888960 -0.029226 -38.266411
0.892366 0.450481 -0.027379 111.652893 -0.003766 -0.053229 -0.998575 12.567634 -0.451297 0.891198 -0.045803 -38.492641
0.892817 0.450244 -0.012578 112.557930 -0.002682 -0.022611 -0.999741 12.646578 -0.450411 0.892619 -0.018980 -38.717010
0.880035 0.474682 -0.014673 113.326927 0.000848 -0.032468 -0.999473 12.721448 -0.474908 0.879559 -0.028976 -38.907791
0.885823 0.463802 -0.014348 114.265755 0.011616 -0.053076 -0.998523 12.807957 -0.463878 0.884348 -0.052403 -39.129246
0.895426 0.444617 -0.022965 115.268852 0.008746 -0.069141 -0.997569 12.903196 -0.445124 0.893048 -0.065799 -39.364521
0.896137 0.443134 -0.023901 116.187340 -0.003127 -0.047551 -0.998864 12.989787 -0.443767 0.895194 -0.041226 -39.577671
0.894884 0.446178 -0.010430 117.116081 0.016708 -0.056847 -0.998243 13.082788 -0.445987 0.893137 -0.058326 -39.787117
0.884376 0.466573 -0.013707 117.918999 0.012951 -0.053880 -0.998463 13.168780 -0.466595 0.882840 -0.053693 -39.960667
0.891390 0.452873 -0.018177 118.961853 0.010081 -0.059907 -0.998153 13.280352 -0.453125 0.889560 -0.057966 -40.184814
0.884564 0.466133 -0.016314 119.785042 0.012632 -0.058905 -0.998184 13.364337 -0.466247 0.882751 -0.057994 -40.347172
0.891019 0.453484 -0.020909 120.761963 0.000519 -0.047075 -0.998891 13.462169 -0.453965 0.890020 -0.042180 -40.546043
0.896160 0.443628 -0.009544 121.722244 0.017875 -0.057582 -0.998181 13.558451 -0.443370 0.894359 -0.059533 -40.740601
0.890682 0.454404 -0.014200 122.464645 0.012174 -0.055064 -0.998409 13.631371 -0.454463 0.889092 -0.054577 -40.869926
0.886060 0.463450 -0.010588 123.229012 0.010903 -0.043668 -0.998987 13.711519 -0.463443 0.885047 -0.043745 -41.009258
0.892435 0.450882 -0.016311 124.312317 0.006565 -0.049126 -0.998771 13.834884 -0.451129 0.891231 -0.046802 -41.222767
0.893514 0.448918 -0.010278 125.304337 0.014993 -0.052702 -0.998498 13.949836 -0.448785 0.892018 -0.053820 -41.415092
0.891096 0.453555 -0.015351 126.147079 0.015073 -0.063388 -0.997875 14.046165 -0.453564 0.888971 -0.063322 -41.575066
0.895487 0.445072 -0.003690 127.291870 0.017514 -0.043520 -0.998899 14.168118 -0.444742 0.894437 -0.046767 -41.809875
0.893704 0.447133 -0.036955 128.048447 -0.008113 -0.066248 -0.997770 14.252103 -0.448584 0.892011 -0.055579 -41.952866
0.894316 0.446464 -0.029483 129.116760 -0.010668 -0.044599 -0.998948 14.375005 -0.447310 0.893689 -0.035123 -42.167561
0.892330 0.451382 0.001067 130.088928 0.017645 -0.032520 -0.999315 14.477113 -0.451038 0.891738 -0.036983 -42.344864
0.891836 0.450523 -0.040711 130.833359 -0.023085 -0.044551 -0.998740 14.551461 -0.451769 0.891653 -0.029331 -42.468895
0.889981 0.455989 -0.002651 131.791748 0.009702 -0.024747 -0.999647 14.640314 -0.455894 0.889641 -0.026448 -42.646187
0.886984 0.460859 -0.029470 132.645676 -0.019414 -0.026546 -0.999459 14.714017 -0.461392 0.887076 -0.014598 -42.795246
0.886270 0.461316 -0.041387 133.481567 -0.017493 -0.055952 -0.998280 14.786879 -0.462838 0.885470 -0.041519 -42.940647
0.886171 0.462904 -0.020484 134.303360 0.011305 -0.065794 -0.997769 14.855522 -0.463219 0.883963 -0.063538 -43.087559
0.882043 0.470055 -0.032372 135.175003 -0.012777 -0.044819 -0.998913 14.929466 -0.470995 0.881498 -0.033526 -43.248901
0.886416 0.461294 -0.038403 135.974182 -0.007082 -0.069438 -0.997561 14.999672 -0.462836 0.884526 -0.058284 -43.390045
0.883344 0.466746 -0.043037 136.901917 -0.017457 -0.058993 -0.998106 15.090043 -0.468401 0.882422 -0.043963 -43.553154
0.893383 0.448606 -0.024909 137.615524 -0.006651 -0.042228 -0.999086 15.161580 -0.449247 0.892732 -0.034742 -43.669678
0.896809 0.441398 -0.030031 138.487930 0.007681 -0.083402 -0.996486 15.254952 -0.442351 0.893427 -0.078186 -43.811905
0.899545 0.435981 -0.027185 139.346542 -0.009661 -0.042361 -0.999056 15.346213 -0.436720 0.898959 -0.033893 -43.944302
0.904431 0.424237 -0.045032 140.136292 -0.020141 -0.062978 -0.997812 15.421569 -0.426145 0.903359 -0.048415 -44.057228
0.910494 0.413518 -0.002103 140.991806 0.030979 -0.073282 -0.996830 15.508201 -0.412361 0.907542 -0.079533 -44.174458
0.914589 0.400079 -0.058854 141.636261 -0.037224 -0.061631 -0.997405 15.578385 -0.402668 0.914406 -0.041474 -44.247406
0.922495 0.384676 -0.032047 142.554611 -0.016598 -0.043416 -0.998919 15.680868 -0.385651 0.922030 -0.033666 -44.351696
0.926920 0.368769 -0.069483 143.411118 -0.031124 -0.108973 -0.993557 15.776193 -0.373965 0.923111 -0.089532 -44.430511
0.927475 0.373614 0.014237 144.284164 0.054067 -0.096344 -0.993878 15.876178 -0.369955 0.922567 -0.109557 -44.486595
0.915246 0.400932 -0.039743 144.989883 -0.059875 0.037807 -0.997490 15.960242 -0.398422 0.915328 0.058608 -44.504982
0.917557 0.396630 0.027822 146.011627 0.076402 -0.107211 -0.991296 16.081621 -0.390195 0.911696 -0.128675 -44.530724
0.902156 0.394195 -0.175285 146.838394 -0.123221 -0.153931 -0.980368 16.178551 -0.413438 0.906044 -0.090297 -44.529308
